1   -1.6000  0.9880E+00  0.6000E-02  0.4000E-04  0.5000E-04  0.0000E+00
2   -1.4000  0.9850E+00  0.9000E-02  0.9000E-04  0.1200E-03 -0.1000E-04
3   -1.2000  0.9850E+00  0.8000E-02  0.2800E-03  0.4000E-03 -0.1100E-03
4   -1.0000  0.9640E+00  0.7000E-02  0.1040E-02  0.1000E-02 -0.5800E-03
5   -0.8000  0.9260E+00  0.6000E-02  0.2030E-02  0.1620E-02 -0.1080E-02
6   -0.6000  0.8780E+00  0.3000E-02  0.2200E-02  0.1960E-02 -0.1100E-02
7   -0.5000  0.8570E+00  0.2000E-02  0.1930E-02  0.2040E-02 -0.8500E-03
8   -0.4000  0.8460E+00  0.0000E+00  0.1710E-02  0.2040E-02 -0.4900E-03
9   -0.3000  0.8380E+00 -0.1000E-02  0.1560E-02  0.2020E-02 -0.7000E-04
10   -0.2500  0.8410E+00 -0.1000E-02  0.1590E-02  0.2030E-02  0.1600E-03
11   -0.2000  0.8430E+00 -0.1000E-02  0.1670E-02  0.1980E-02  0.3800E-03
12   -0.1500  0.8470E+00 -0.1000E-02  0.1810E-02  0.1960E-02  0.5600E-03
13   -0.1000  0.8560E+00 -0.2000E-02  0.1950E-02  0.1950E-02  0.7400E-03
14   -0.0500  0.8640E+00 -0.2000E-02  0.2090E-02  0.1900E-02  0.9000E-03
15    0.0000  0.8740E+00 -0.4000E-02  0.2210E-02  0.1910E-02  0.9900E-03
16    0.0500  0.8830E+00 -0.5000E-02  0.2320E-02  0.1830E-02  0.1070E-02
17    0.1000  0.8950E+00 -0.3000E-02  0.2330E-02  0.1770E-02  0.1090E-02
18    0.1500  0.9050E+00 -0.3000E-02  0.2240E-02  0.1690E-02  0.1040E-02
19    0.2000  0.9200E+00 -0.2000E-02  0.2180E-02  0.1580E-02  0.1050E-02
20    0.2500  0.9310E+00 -0.3000E-02  0.2030E-02  0.1460E-02  0.9200E-03
21    0.3000  0.9390E+00 -0.4000E-02  0.1840E-02  0.1340E-02  0.8600E-03
22    0.4000  0.9580E+00 -0.2000E-02  0.1290E-02  0.1050E-02  0.6100E-03
23    0.5000  0.9710E+00  0.0000E+00  0.8900E-03  0.7300E-03  0.3600E-03
24    0.6000  0.9810E+00 -0.1000E-02  0.4600E-03  0.4500E-03  0.1900E-03
25    0.8000  0.9860E+00  0.1000E-02  0.1200E-03  0.1500E-03  0.3000E-04
26    1.0000  0.9870E+00  0.3000E-02  0.4000E-04  0.5000E-04  0.0000E+00
27    1.2000  0.9870E+00  0.4000E-02  0.2000E-04  0.2000E-04  0.0000E+00
28    1.4000  0.9870E+00  0.4000E-02  0.1000E-04  0.1000E-04  0.0000E+00
29    1.6000  0.9870E+00  0.3000E-02  0.1000E-04  0.1000E-04  0.0000E+00