0.00015308	2.33613658
0.00016324	2.47852888
0.00017308	2.64733178
0.00018388	2.79098232
0.00019435	2.92177276
0.0002142	3.19929857
0.0002342	3.44988438
0.0002542	3.67395026
0.0002742	3.86835738
0.00029421	4.10310233
0.00031818	4.38084413
0.00035945	4.68158755
0.00041216	5.0469594
0.00046296	5.28754786
0.00055218	5.6656086
0.00064965	6.0334597
0.00074744	6.28811081
0.00084523	6.48490871
0.00094619	6.68840895
0.00104716	6.79444187
0.0012602	7.08136238
0.00144912	7.22879622
0.001652	7.40336257
0.00206094	7.65220854
0.0025683	7.90432458
0.00307218	8.14112847
0.00357224	8.3241361
0.00407294	8.46747781
0.00508862	8.78806448
0.00609097	9.06297081
0.00709903	9.30299986
0.00810773	9.5325043
0.00911007	9.74074307
0.01012227	9.94370973
0.01213585	10.31752853
0.01414721	10.64206185
0.01615921	10.94880148
0.01817311	11.22917642
0.02018924	11.48477748
0.02220251	11.71475358
0.02421577	11.87680871
0.02622745	11.98516723
0.02823945	12.03480002
0.03025431	12.05934624
0.03226884	12.07175282
0.03428275	12.07255634
0.0362957	12.06778635
0.03830801	12.07073142
0.04032096	12.07224751
0.04334166	12.06899031