0.00010593  5.8149167
0.00011228	6.19883835
0.00012212	6.59274921
0.00013228	7.00971263
0.00014212	7.37325476
0.00015228	7.72030215
0.00016212	8.0023945
0.00017228	8.33634544
0.00018244	8.63682002
0.00019324	8.91948689
0.0002034	9.16469596
0.00022356	9.62866111
0.00024356	10.05319648
0.00026356	10.38697719
0.00028357	10.71447821
0.00030357	10.9919608
0.00033659	11.39809189
0.00037183	11.79512676
0.00041787	12.23810941
0.00047121	12.57563614
0.00056328	12.98057981
0.00065822	13.42042063
0.00076426	13.75504341
0.00086237	14.04813911
0.00096556	14.32728818
0.0010697	14.54085539
0.00127353	14.90372905
0.00147133	15.25947273
0.00167485	15.54922415
0.00207839	16.08325308
0.00258385	16.59019606
0.00309217	17.02996459
0.00358938	17.36456522
0.00409198	17.72694467
0.00510671	18.31086141
0.00611382	18.82071001
0.00711648	19.27921885
0.00812709	19.72686686
0.00913039	20.06321613
0.0101394	20.46032408
0.01215521	21.17448245
0.01416721	21.81135562
0.01617889	22.3867772
0.01819374	22.95596326
0.02020955	23.44971579
0.02222282	23.89121611
0.02423481	24.24949432
0.02624713	24.57220072
0.02825913	24.78542413
0.0302743	24.89577513
0.03228884	24.95253173
0.0343021	24.97377344
0.03631505	24.99401321
0.03832705	24.99822608
0.04033968	25.00330503
0.04336133	24.99091786
0.04638298	24.99151334
0.04940304	25.00314604